Loadings:
Loadings:
            Comp.1 Comp.2 Comp.3 Comp.4 Comp.5 Comp.6 Comp.7 Comp.8 Comp.9 Comp.10 Comp.11 Comp.12 Comp.13 Comp.14 Comp.15 Comp.16
priority100  0.449                                    -0.123         0.101 -0.199   0.151  -0.130   0.189   0.140           0.792 
priority101 -0.315  0.170        -0.392  0.215                0.286 -0.319                  0.286   0.421  -0.173  -0.336   0.240 
priority102 -0.195  0.266         0.402  0.420 -0.191         0.146  0.237 -0.102  -0.424  -0.386          -0.226           0.194 
priority103  0.234        -0.519 -0.287        -0.252         0.170 -0.272 -0.150  -0.212  -0.170  -0.459   0.126  -0.304         
priority104 -0.346 -0.247        -0.187 -0.212         0.158 -0.244  0.129 -0.188   0.221  -0.104  -0.304  -0.609  -0.149   0.229 
priority105        -0.252 -0.465 -0.107  0.267 -0.253 -0.195 -0.214  0.495  0.442           0.164                                 
priority106                0.552 -0.188        -0.554 -0.231 -0.371 -0.104         -0.315   0.113                  -0.133         
priority107 -0.209  0.271         0.144 -0.388  0.126 -0.507  0.172         0.513          -0.185  -0.247                   0.198 
priority108 -0.135  0.405 -0.130        -0.124 -0.147 -0.428 -0.120  0.205 -0.541   0.279   0.160   0.135          -0.223  -0.220 
priority109  0.146 -0.247 -0.153  0.452 -0.516 -0.235  0.125                       -0.158           0.415  -0.221  -0.287         
priority110  0.275 -0.211  0.320 -0.171         0.346 -0.202  0.271  0.419         -0.126  -0.139                  -0.499  -0.226 
priority111        -0.369  0.158  0.239  0.347 -0.293 -0.159  0.281 -0.307          0.564  -0.178                  -0.149         
priority112         0.441        -0.153        -0.166  0.461 -0.193         0.299   0.347  -0.365   0.127          -0.321  -0.110 
priority113  0.317  0.271  0.109  0.207                0.192  0.195  0.110  0.120   0.137   0.628  -0.404  -0.226  -0.109   0.120 
priority114  0.266        -0.126  0.224  0.292  0.365 -0.218 -0.560 -0.385  0.114                          -0.242  -0.214  -0.106 
priority115 -0.379 -0.150         0.284         0.223  0.211 -0.167                         0.171  -0.186   0.583  -0.426   0.203 

               Comp.1 Comp.2 Comp.3 Comp.4 Comp.5 Comp.6 Comp.7 Comp.8 Comp.9 Comp.10 Comp.11 Comp.12 Comp.13 Comp.14 Comp.15 Comp.16
SS loadings     1.000  1.000  1.000  1.000  1.000  1.000  1.000  1.000  1.000   1.000   1.000   1.000   1.000   1.000   1.000   1.000
Proportion Var  0.062  0.062  0.062  0.062  0.062  0.062  0.062  0.063  0.062   0.062   0.063   0.062   0.063   0.062   0.062   0.063
Cumulative Var  0.062  0.125  0.188  0.250  0.312  0.375  0.437  0.500  0.562   0.625   0.688   0.750   0.812   0.875   0.938   1.000


